777778777777777777777777777777777777777777777777777777777777777777777777777777777777777777777777777777777777777777777777777777777777777777777777777777
777777777777777777777777777777777777777777777777777777777777777777777777777777777777777777777777777777777277777777777777777777777777777777777777777777
777777777177777777777777777777777777777777777777777777777777777777777777777777777777777777777777777777777777777777777777777777777777777777777777777777
777777777777777777777777777777777777777777777777777777177777777777777777777777777777777777777777777777777737777777777777777777777777777777777777775777
777777777777777777777777777777777777777777777777777777777777777777777777777777777777777777777777777777777777777777777777777777777777777777775777777727
777777777777777777777777777777777777777777777777777777777777777773777775777777777777777777777777777777777777777777777777777777777777777777777777777777
777777777777777777777777777777777777777777777777777777777777777777777777777777777777777777777777777777777777777777777777777777777777777776777777777727
777777777777777777777777777777777777777777777777777777777777777777777777777777777777777775777777777707777777777777777777777777777777777777777777777777
777777777777777777777777777777777777777777777777777777777777777777777777777777777777777777777777777777777777777777777777777777777777777777777777777777
777777777777777777777777777777777777777777777777777777757777777777777777777777777777677777777777777777777777777777777777777777777777777777777777777777
777777777677777777777777777777777777777777777777777777777777777777777777777777777777777777777777777777777777777777777777777777777777777777777777777777
777777777777777777777777777777777777777777777777777777777777777777777777777777777777777777777777777777777777777777777777777777777777777777777777777777
777777777777777777777777777777777777777777777777777777777777777777777777777777777777777777777777777777777777777777777777777777774777777777777777777777
777777777777777777777777777777777777777777777777739999999333399999993373999739999333999933999999999333988893777777777777777777777777777777777777757777
777777777777777777777777777777777777777777777777738888888883888888888838888798888838888883888888888388888888877777777777777777777777777777777777777777
777777777777777777777777777777777777777777777777738888888883888888888838888798888888888883888888883388888888977777777777777777777777777777777777777777
777777777777777777777777777777777777777777777777738888888833828888888338888798888888886883888898883388888888833777777777777777717777777777777777777777
777777777777777777777777777777777777776777777777738888777773888839888838888798889888388883888888888388888888833777777777777777777777777777777777777777
777777777777777777777777777777777777777777777777733333777773333333333333333733337333333333333333333333333333377777777777777777777777777777777777777777
777777777777777777777777777777577777777777777777777777777777777777777777777777777777777777777777777777777777777777777777777777777777777777777777777777
777777777777777777777777777777777777777777777777777777777777777777777777777777777777777777777777777777777777777777777777777777777777777777777777777777
777777777777777777757777777777777777077777777777777777777777777777777777777777777777777777777777777777777777777777777777777777777777777777777777777777
777777777777977377770777777777777777777777777777777777777777777777777777777777777777777777777777777777777777777777777777777777777777777777777777777777
777777777777777777777777777777777777777777777777777777777777777777777777777777777777777877777777777777777777777777777777777777777777777777777777777777
777777777777777777777777777777777777877777777777777777777777777777777777777777777777777777777777777767777777771777777777777777777777777777777777777777
777777777777777777777777777777777777777775777777777777777777777777777777777777777777777777777777777777777777777777777777777777777777777777777777777777
777777777777777777777777777777777777777777777777777777777777798888977798888888883788888888837777777777777777977777777777777777777777777777777777777777
777777777777777777777777777777777777777777777777777777777773388888837798888888888788888888837777777777777777777777777777777777777777777717777777777777
777777677777777777777777777777777777777777777777777777757733888888883398888888883788888888977777777777777777777777777777777777777777777777777777777777
777777777777777777777777777777777777777777777777771777777738888888888398883888883788888888837777777777777877777777777777777777777777777777777777777777
777777777777777777777777777777777777777777777777777777777398883333888938883398889788888888837777777777777777777777777777777777777777777777777777777777
777777777777777777777777777777777777777777877777777777777777777777777777777777777777777777777977777777777777777777777777777777777777777777777777777777
777777777777777777777777777777777777777777777777777777777777777777777777777777777777777777777777777777777717777777777777777777777777777777777777777777
777777777777777777777777777777777777777777777777777777777777777777777777777777777777777777777777777777777777777777777777777777777777777777777777777777
777777777477777777777777777777777777777777777777777777777777777777777773777777777772777777777777777737777777777777777777777777777777777777777777777777
777777777777777777777777777777777777777777777777777777777777777777777777777777777777777777777777777777777777777777777777777777777777777777777777777777
777777777777777777777777777777777777777777777777777777777777777777777777777777777777777777777777777777777777777777777777777777777777777777777777777777
777777777777777777777777777777777777777777777777777977777777777777777777777777777777777777777777777777777777777777777777777757777777777777777777777777
777777777777677777777777777777777777777777777777777777777777777777777777773337777777733377777777777777777777777777777777777777777777777777777777777777
777777777777777777777777777777777738888833388883388883388889888188888339888888837338888888833388888333888883988888888837777777777777777777777777777777
777777777777777777777777737777773388888883738888988888888838888898888388888888883988888888889388888838888883888888888837777777777777777777777777777777
777777777777777777777777777777773888898889368888888888888838888888887398888888893888837738888388888888888583888888888377777777777777777777777777777777
777777777777777777777777777777739888888888333888884888888338888888883388888888883888883388888388888888888883888888888937777777777777777777777777777777
777777777777777777777777777777338888888888833888883388888338888888888398888888883388888888883381898888388883888888888837777777777777777777777777777777
777777777777777777777777777777333333773433337333333333333733333333333373333333377777333333377333333353733333333333333337777777777777777777777777777777
777777777777777777777777777777777777777777777777777777777777777777777777777777777777777767777777777777777777777777777777777777777777777777777777777777
777777777777777777777777777777777777777777777777777777777777777777777777777777777777777777777777777777777777777777777777777777777777777777777777777777
767777747777777777777777777777777777777777777777777777777777777777777777777777777777777777777777777777777777777777777777777777777777777777777777777777
777777777777777777777777777777777777777577777777778777777777777777777777777777777777777777777777777777777777777777777777777777777777777777777777777771
777777777777777777777777777777777777777777777777777777777777777777777777777777777777777779777777777777777777777777777777777737777777777777707777777777
777777777777777777777777777777777777777777772777777777777777777777777777777777777777777777777777777777777777777777777777777777777777477777777777777777
777777777777777377777777777777777777777777777777777777777777777777777777777777777777777777777777777777777777777777777777777777777777777777777777777777
777777777777777777777777777777777777777777777777774777777777777577777777777777777777777777777777777777777777777777777777777777797777777777777777777777
777777777777777777777777777777777777777777777777777777777777777777777777777777777777777777777777777777777777777777777777777777777777777777777777777777
777777777777777777777777777777777777777777777777777777777777777777777777777777777777777777777777777777777777777377777777777777777777777777777777777777
777777777777777777777777777777777777777777777777777777777777777777777777777777777777777777777777777277777777777777777777777777777677777777777777777777
777777777777777777777777777777777777777777777777777777777727777777777777777777737777777777777777777777777777727777777777777777777777777777777777777777
777777777777777777777777777777777777777777777777777777777777777772777777777777777777774777777777777777777777777777777777777777777777777777777777777777
777777777777777777777777777777777777777777777777777777777777777777777777777777777777777777777777777777777777777777777777777777777777777777777777777777
777777777777777777777777777777777777777777777777777777777777777777777777777777777777777777777777777777777777777777777777777777777777777777777777777777
777777777777777777777777777777777777777777277777777777777777777777777777777577777777777777777777777777777777777777777777777777777777577777777777777777
777777777777777777777777777777777777077777777777777777777777777777777777777777777777777777777777777777777777777777777777777777777777777777777777777777
777777777777777777777777777777777777777777777777777777777777777777777777777777777777777777777777777777777777777777777777777777777777777777777777777777
777777777777777777777777777777777727777777777777777777777777777777777777777777777747777777777777777777777777777777777777777777377777777777777777777777
